{
 "cells": [
  {
   "cell_type": "code",
   "execution_count": 22,
   "id": "7b4cdb24",
   "metadata": {},
   "outputs": [],
   "source": [
    "import pandas as pd\n",
    "import numpy as np\n"
   ]
  },
  {
   "cell_type": "markdown",
   "id": "c5ccbe10",
   "metadata": {},
   "source": [
    "### Problem A"
   ]
  },
  {
   "cell_type": "markdown",
   "id": "94b8deab",
   "metadata": {},
   "source": [
    "System of linear equations is - <br>\n",
    "$x + y + z + w =250$ <br>\n",
    "$0.45x  - 0.55y = 0 $ <br>\n",
    "$y  = 62.5 $ <br>\n",
    "$0.14 x + 0.2y+0.2z+0.10z =37.5$ <br>\n",
    "\n"
   ]
  },
  {
   "cell_type": "code",
   "execution_count": 23,
   "id": "a05b357d",
   "metadata": {},
   "outputs": [],
   "source": [
    "A = np.zeros((4,4))  \n",
    "b = np.zeros((4,1))\n"
   ]
  },
  {
   "cell_type": "code",
   "execution_count": 24,
   "id": "c7d75de8",
   "metadata": {},
   "outputs": [
    {
     "data": {
      "text/plain": [
       "array([[ 1.  ,  1.  ,  1.  ,  1.  ],\n",
       "       [ 0.45, -0.55,  0.  ,  0.  ],\n",
       "       [ 0.  ,  1.  ,  0.  ,  0.  ],\n",
       "       [ 0.14,  0.2 ,  0.2 ,  0.1 ]])"
      ]
     },
     "execution_count": 24,
     "metadata": {},
     "output_type": "execute_result"
    }
   ],
   "source": [
    "A[0,:] = [1,1,1,1]\n",
    "A[1,:] = [0.45,-0.55,0,0]\n",
    "A[2,:] = [0,1,0,0]\n",
    "A[3,:] = [0.14,0.2,0.2,0.1]\n",
    "A"
   ]
  },
  {
   "cell_type": "code",
   "execution_count": 25,
   "id": "7cd6d6e5",
   "metadata": {},
   "outputs": [],
   "source": [
    "b[:,0] = [250 , 0, 62.5, 37.5]"
   ]
  },
  {
   "cell_type": "code",
   "execution_count": 26,
   "id": "724b6255",
   "metadata": {},
   "outputs": [
    {
     "data": {
      "text/plain": [
       "array([[76.38888889],\n",
       "       [62.5       ],\n",
       "       [31.94444444],\n",
       "       [79.16666667]])"
      ]
     },
     "execution_count": 26,
     "metadata": {},
     "output_type": "execute_result"
    }
   ],
   "source": [
    "np.linalg.solve(A,b)"
   ]
  },
  {
   "cell_type": "markdown",
   "id": "ec178329",
   "metadata": {},
   "source": [
    "### Problem B"
   ]
  },
  {
   "cell_type": "markdown",
   "id": "9fd01537",
   "metadata": {},
   "source": [
    "System of linear equations is - \n",
    "<br><br>\n",
    "$r_2-r_1=45  $ <br>\n",
    "$r_3-r_1=3 $ <br>\n",
    "$r_4-r_1=31 $ <br>\n",
    "$r_5-r_1=45  $ <br>\n",
    "$r_3-r_2=-18 $ <br>\n",
    "$r_4-r_2=-8 $ <br>\n",
    "$r_5-r_2=-20  $ <br>\n",
    "$r_4-r_3=-2 $ <br>\n",
    "$r_5-r_3=27 $ <br>\n",
    "$r_5-r_4=38 $ <br>\n",
    "\n"
   ]
  },
  {
   "cell_type": "code",
   "execution_count": 27,
   "id": "ac700744",
   "metadata": {},
   "outputs": [
    {
     "data": {
      "text/plain": [
       "array([[-1.,  1.,  0.,  0.,  0.],\n",
       "       [-1.,  0.,  1.,  0.,  0.],\n",
       "       [-1.,  0.,  0.,  1.,  0.],\n",
       "       [-1.,  0.,  0.,  0.,  1.],\n",
       "       [ 0., -1.,  1.,  0.,  0.],\n",
       "       [ 0., -1.,  0.,  1.,  0.],\n",
       "       [ 0., -1.,  0.,  0.,  1.],\n",
       "       [ 0.,  0., -1.,  1.,  0.],\n",
       "       [ 0.,  0., -1.,  0.,  1.],\n",
       "       [ 0.,  0.,  0., -1.,  1.]])"
      ]
     },
     "execution_count": 27,
     "metadata": {},
     "output_type": "execute_result"
    }
   ],
   "source": [
    "X = np.zeros((10,5))  \n",
    "r = np.zeros((5,1))\n",
    "y = np.zeros((10,1))\n",
    "X[0,:] = [-1,1,0,0,0]\n",
    "X[1,:] = [-1,0,1,0,0]\n",
    "X[2,:] = [-1,0,0,1,0]\n",
    "X[3,:] = [-1,0,0,0,1]\n",
    "X[4,:] = [0,-1,1,0,0]\n",
    "X[5,:] = [0,-1,0,1,0]\n",
    "X[6,:] = [0,-1,0,0,1]\n",
    "X[7,:] = [0,0,-1,1,0]\n",
    "X[8,:] = [0,0,-1,0,1]\n",
    "X[9,:] = [0,0,0,-1,1]\n",
    "X"
   ]
  },
  {
   "cell_type": "code",
   "execution_count": 28,
   "id": "fc89ecc5",
   "metadata": {},
   "outputs": [
    {
     "data": {
      "text/plain": [
       "array([[ 45.],\n",
       "       [  3.],\n",
       "       [ 31.],\n",
       "       [ 45.],\n",
       "       [-18.],\n",
       "       [ -8.],\n",
       "       [-20.],\n",
       "       [ -2.],\n",
       "       [ 27.],\n",
       "       [ 38.]])"
      ]
     },
     "execution_count": 28,
     "metadata": {},
     "output_type": "execute_result"
    }
   ],
   "source": [
    "y[:,0] = [45,3,31,45,-18,-8,-20,-2,27,38]\n",
    "y"
   ]
  },
  {
   "cell_type": "code",
   "execution_count": 29,
   "id": "81a5fc19",
   "metadata": {},
   "outputs": [
    {
     "data": {
      "text/plain": [
       "array([[ 4., -1., -1., -1., -1.],\n",
       "       [-1.,  4., -1., -1., -1.],\n",
       "       [-1., -1.,  4., -1., -1.],\n",
       "       [-1., -1., -1.,  4., -1.],\n",
       "       [-1., -1., -1., -1.,  4.]])"
      ]
     },
     "execution_count": 29,
     "metadata": {},
     "output_type": "execute_result"
    }
   ],
   "source": [
    "M = X.transpose()@X\n",
    "M"
   ]
  },
  {
   "cell_type": "code",
   "execution_count": 30,
   "id": "47cf76d9",
   "metadata": {},
   "outputs": [
    {
     "data": {
      "text/plain": [
       "array([[-124.],\n",
       "       [  91.],\n",
       "       [ -40.],\n",
       "       [ -17.],\n",
       "       [  90.]])"
      ]
     },
     "execution_count": 30,
     "metadata": {},
     "output_type": "execute_result"
    }
   ],
   "source": [
    "RHS = X.transpose()@y\n",
    "RHS"
   ]
  },
  {
   "cell_type": "code",
   "execution_count": 31,
   "id": "b6586448",
   "metadata": {},
   "outputs": [
    {
     "data": {
      "text/plain": [
       "array([[ 4., -1., -1., -1., -1.],\n",
       "       [-1.,  4., -1., -1., -1.],\n",
       "       [-1., -1.,  4., -1., -1.],\n",
       "       [-1., -1., -1.,  4., -1.],\n",
       "       [ 1.,  1.,  1.,  1.,  1.]])"
      ]
     },
     "execution_count": 31,
     "metadata": {},
     "output_type": "execute_result"
    }
   ],
   "source": [
    "M[len(M)-1,:] = [1,1,1,1,1]\n",
    "M"
   ]
  },
  {
   "cell_type": "code",
   "execution_count": 32,
   "id": "17e609bc",
   "metadata": {},
   "outputs": [
    {
     "data": {
      "text/plain": [
       "array([[-124.],\n",
       "       [  91.],\n",
       "       [ -40.],\n",
       "       [ -17.],\n",
       "       [   0.]])"
      ]
     },
     "execution_count": 32,
     "metadata": {},
     "output_type": "execute_result"
    }
   ],
   "source": [
    "RHS[len(M)-1,] = 0\n",
    "RHS"
   ]
  },
  {
   "cell_type": "code",
   "execution_count": 33,
   "id": "63ee25e4",
   "metadata": {},
   "outputs": [
    {
     "data": {
      "text/plain": [
       "array([[-24.8],\n",
       "       [ 18.2],\n",
       "       [ -8. ],\n",
       "       [ -3.4],\n",
       "       [ 18. ]])"
      ]
     },
     "execution_count": 33,
     "metadata": {},
     "output_type": "execute_result"
    }
   ],
   "source": [
    "np.linalg.solve(M,RHS)"
   ]
  },
  {
   "cell_type": "markdown",
   "id": "2456d776",
   "metadata": {},
   "source": [
    "### Question C"
   ]
  },
  {
   "cell_type": "markdown",
   "id": "7d274eba",
   "metadata": {},
   "source": [
    "Lehmer matrix of dimension 20\n",
    "\n",
    "\n"
   ]
  },
  {
   "cell_type": "code",
   "execution_count": 34,
   "id": "d05ae62c",
   "metadata": {},
   "outputs": [],
   "source": [
    "def lehmer_entry(x=20,y=20):\n",
    "    X = np.zeros((x,y))\n",
    "    for i in range(x):\n",
    "        for j in range(y):\n",
    "            if (j > i):\n",
    "                X[i,j] = (i+1)/(j+1)\n",
    "            else :\n",
    "                X[i,j] = (j+1)/(i+1)\n",
    "    return(X)\n"
   ]
  },
  {
   "cell_type": "code",
   "execution_count": 35,
   "id": "c632db84",
   "metadata": {},
   "outputs": [
    {
     "data": {
      "text/plain": [
       "array([[1.        , 0.5       , 0.33333333, 0.25      ],\n",
       "       [0.5       , 1.        , 0.66666667, 0.5       ],\n",
       "       [0.33333333, 0.66666667, 1.        , 0.75      ],\n",
       "       [0.25      , 0.5       , 0.75      , 1.        ]])"
      ]
     },
     "execution_count": 35,
     "metadata": {},
     "output_type": "execute_result"
    }
   ],
   "source": [
    "lehmer_entry(x=4,y=4)"
   ]
  },
  {
   "cell_type": "code",
   "execution_count": 36,
   "id": "b465c4f1",
   "metadata": {},
   "outputs": [
    {
     "data": {
      "text/plain": [
       "array([[1.        , 0.5       , 0.33333333, 0.25      , 0.2       ,\n",
       "        0.16666667, 0.14285714, 0.125     , 0.11111111, 0.1       ,\n",
       "        0.09090909, 0.08333333, 0.07692308, 0.07142857, 0.06666667,\n",
       "        0.0625    , 0.05882353, 0.05555556, 0.05263158, 0.05      ],\n",
       "       [0.5       , 1.        , 0.66666667, 0.5       , 0.4       ,\n",
       "        0.33333333, 0.28571429, 0.25      , 0.22222222, 0.2       ,\n",
       "        0.18181818, 0.16666667, 0.15384615, 0.14285714, 0.13333333,\n",
       "        0.125     , 0.11764706, 0.11111111, 0.10526316, 0.1       ],\n",
       "       [0.33333333, 0.66666667, 1.        , 0.75      , 0.6       ,\n",
       "        0.5       , 0.42857143, 0.375     , 0.33333333, 0.3       ,\n",
       "        0.27272727, 0.25      , 0.23076923, 0.21428571, 0.2       ,\n",
       "        0.1875    , 0.17647059, 0.16666667, 0.15789474, 0.15      ],\n",
       "       [0.25      , 0.5       , 0.75      , 1.        , 0.8       ,\n",
       "        0.66666667, 0.57142857, 0.5       , 0.44444444, 0.4       ,\n",
       "        0.36363636, 0.33333333, 0.30769231, 0.28571429, 0.26666667,\n",
       "        0.25      , 0.23529412, 0.22222222, 0.21052632, 0.2       ],\n",
       "       [0.2       , 0.4       , 0.6       , 0.8       , 1.        ,\n",
       "        0.83333333, 0.71428571, 0.625     , 0.55555556, 0.5       ,\n",
       "        0.45454545, 0.41666667, 0.38461538, 0.35714286, 0.33333333,\n",
       "        0.3125    , 0.29411765, 0.27777778, 0.26315789, 0.25      ],\n",
       "       [0.16666667, 0.33333333, 0.5       , 0.66666667, 0.83333333,\n",
       "        1.        , 0.85714286, 0.75      , 0.66666667, 0.6       ,\n",
       "        0.54545455, 0.5       , 0.46153846, 0.42857143, 0.4       ,\n",
       "        0.375     , 0.35294118, 0.33333333, 0.31578947, 0.3       ],\n",
       "       [0.14285714, 0.28571429, 0.42857143, 0.57142857, 0.71428571,\n",
       "        0.85714286, 1.        , 0.875     , 0.77777778, 0.7       ,\n",
       "        0.63636364, 0.58333333, 0.53846154, 0.5       , 0.46666667,\n",
       "        0.4375    , 0.41176471, 0.38888889, 0.36842105, 0.35      ],\n",
       "       [0.125     , 0.25      , 0.375     , 0.5       , 0.625     ,\n",
       "        0.75      , 0.875     , 1.        , 0.88888889, 0.8       ,\n",
       "        0.72727273, 0.66666667, 0.61538462, 0.57142857, 0.53333333,\n",
       "        0.5       , 0.47058824, 0.44444444, 0.42105263, 0.4       ],\n",
       "       [0.11111111, 0.22222222, 0.33333333, 0.44444444, 0.55555556,\n",
       "        0.66666667, 0.77777778, 0.88888889, 1.        , 0.9       ,\n",
       "        0.81818182, 0.75      , 0.69230769, 0.64285714, 0.6       ,\n",
       "        0.5625    , 0.52941176, 0.5       , 0.47368421, 0.45      ],\n",
       "       [0.1       , 0.2       , 0.3       , 0.4       , 0.5       ,\n",
       "        0.6       , 0.7       , 0.8       , 0.9       , 1.        ,\n",
       "        0.90909091, 0.83333333, 0.76923077, 0.71428571, 0.66666667,\n",
       "        0.625     , 0.58823529, 0.55555556, 0.52631579, 0.5       ],\n",
       "       [0.09090909, 0.18181818, 0.27272727, 0.36363636, 0.45454545,\n",
       "        0.54545455, 0.63636364, 0.72727273, 0.81818182, 0.90909091,\n",
       "        1.        , 0.91666667, 0.84615385, 0.78571429, 0.73333333,\n",
       "        0.6875    , 0.64705882, 0.61111111, 0.57894737, 0.55      ],\n",
       "       [0.08333333, 0.16666667, 0.25      , 0.33333333, 0.41666667,\n",
       "        0.5       , 0.58333333, 0.66666667, 0.75      , 0.83333333,\n",
       "        0.91666667, 1.        , 0.92307692, 0.85714286, 0.8       ,\n",
       "        0.75      , 0.70588235, 0.66666667, 0.63157895, 0.6       ],\n",
       "       [0.07692308, 0.15384615, 0.23076923, 0.30769231, 0.38461538,\n",
       "        0.46153846, 0.53846154, 0.61538462, 0.69230769, 0.76923077,\n",
       "        0.84615385, 0.92307692, 1.        , 0.92857143, 0.86666667,\n",
       "        0.8125    , 0.76470588, 0.72222222, 0.68421053, 0.65      ],\n",
       "       [0.07142857, 0.14285714, 0.21428571, 0.28571429, 0.35714286,\n",
       "        0.42857143, 0.5       , 0.57142857, 0.64285714, 0.71428571,\n",
       "        0.78571429, 0.85714286, 0.92857143, 1.        , 0.93333333,\n",
       "        0.875     , 0.82352941, 0.77777778, 0.73684211, 0.7       ],\n",
       "       [0.06666667, 0.13333333, 0.2       , 0.26666667, 0.33333333,\n",
       "        0.4       , 0.46666667, 0.53333333, 0.6       , 0.66666667,\n",
       "        0.73333333, 0.8       , 0.86666667, 0.93333333, 1.        ,\n",
       "        0.9375    , 0.88235294, 0.83333333, 0.78947368, 0.75      ],\n",
       "       [0.0625    , 0.125     , 0.1875    , 0.25      , 0.3125    ,\n",
       "        0.375     , 0.4375    , 0.5       , 0.5625    , 0.625     ,\n",
       "        0.6875    , 0.75      , 0.8125    , 0.875     , 0.9375    ,\n",
       "        1.        , 0.94117647, 0.88888889, 0.84210526, 0.8       ],\n",
       "       [0.05882353, 0.11764706, 0.17647059, 0.23529412, 0.29411765,\n",
       "        0.35294118, 0.41176471, 0.47058824, 0.52941176, 0.58823529,\n",
       "        0.64705882, 0.70588235, 0.76470588, 0.82352941, 0.88235294,\n",
       "        0.94117647, 1.        , 0.94444444, 0.89473684, 0.85      ],\n",
       "       [0.05555556, 0.11111111, 0.16666667, 0.22222222, 0.27777778,\n",
       "        0.33333333, 0.38888889, 0.44444444, 0.5       , 0.55555556,\n",
       "        0.61111111, 0.66666667, 0.72222222, 0.77777778, 0.83333333,\n",
       "        0.88888889, 0.94444444, 1.        , 0.94736842, 0.9       ],\n",
       "       [0.05263158, 0.10526316, 0.15789474, 0.21052632, 0.26315789,\n",
       "        0.31578947, 0.36842105, 0.42105263, 0.47368421, 0.52631579,\n",
       "        0.57894737, 0.63157895, 0.68421053, 0.73684211, 0.78947368,\n",
       "        0.84210526, 0.89473684, 0.94736842, 1.        , 0.95      ],\n",
       "       [0.05      , 0.1       , 0.15      , 0.2       , 0.25      ,\n",
       "        0.3       , 0.35      , 0.4       , 0.45      , 0.5       ,\n",
       "        0.55      , 0.6       , 0.65      , 0.7       , 0.75      ,\n",
       "        0.8       , 0.85      , 0.9       , 0.95      , 1.        ]])"
      ]
     },
     "execution_count": 36,
     "metadata": {},
     "output_type": "execute_result"
    }
   ],
   "source": [
    "A = lehmer_entry(x=20,y=20)\n",
    "A"
   ]
  },
  {
   "cell_type": "markdown",
   "id": "96efe31b",
   "metadata": {},
   "source": [
    "### Problem D"
   ]
  },
  {
   "cell_type": "code",
   "execution_count": 37,
   "id": "364b6112",
   "metadata": {
    "scrolled": false
   },
   "outputs": [
    {
     "data": {
      "text/plain": [
       "array([[ 1.33333333e+00, -6.66666667e-01, -1.11022302e-16,\n",
       "         1.48029737e-16,  0.00000000e+00,  7.40148683e-17,\n",
       "        -2.22044605e-16,  1.48029737e-16, -2.22044605e-16,\n",
       "         7.40148683e-17, -2.22044605e-16,  7.40148683e-17,\n",
       "         1.48029737e-16, -1.48029737e-16,  7.40148683e-17,\n",
       "        -1.35585468e-31,  7.40148683e-17,  5.55111512e-17,\n",
       "        -1.11022302e-16,  1.48029737e-16],\n",
       "       [-6.66666667e-01,  2.13333333e+00, -1.20000000e+00,\n",
       "        -2.50064519e-16, -3.80647894e-17,  2.19929894e-16,\n",
       "        -4.18712684e-16, -3.27780131e-17,  3.17206578e-16,\n",
       "        -8.45884209e-18,  2.53765263e-16, -2.11471052e-18,\n",
       "        -2.45306421e-16, -9.47390314e-16,  2.13585763e-16,\n",
       "        -6.34413157e-17,  2.54051034e-16, -1.82190445e-16,\n",
       "         4.44089210e-16, -2.96059473e-16],\n",
       "       [-1.79606724e-32, -1.20000000e+00,  3.08571429e+00,\n",
       "        -1.71428571e+00,  1.19904087e-15, -3.61615499e-16,\n",
       "         5.70971841e-17,  3.61615499e-16, -3.42583105e-16,\n",
       "        -4.56777473e-16, -3.99680289e-16, -1.86517468e-15,\n",
       "         3.04518315e-16,  1.59872116e-15, -7.23230999e-16,\n",
       "         1.37033242e-15,  2.70400564e-30,  3.61615499e-16,\n",
       "        -2.18872539e-16,  3.61615499e-16],\n",
       "       [ 1.04522264e-32, -2.04422017e-16, -1.71428571e+00,\n",
       "         4.06349206e+00, -2.22222222e+00,  1.67550141e-15,\n",
       "         7.48282185e-16, -1.14031698e-15,  2.41077000e-15,\n",
       "        -1.96668079e-15, -5.80732044e-16,  4.07651121e-15,\n",
       "        -3.05006325e-15,  8.99565323e-16, -6.50680161e-17,\n",
       "        -1.62670040e-15, -1.13869028e-17,  3.96914898e-16,\n",
       "        -5.07530526e-16, -1.01506105e-15],\n",
       "       [ 2.17104830e-32, -3.14002472e-16,  1.01490085e-15,\n",
       "        -2.22222222e+00,  5.05050505e+00, -2.72727273e+00,\n",
       "         6.16790569e-16,  4.48574959e-17, -2.48959102e-15,\n",
       "         3.71195779e-15, -3.36431220e-17, -3.64467155e-15,\n",
       "         4.22781899e-15, -3.68952904e-15,  4.28389086e-15,\n",
       "        -1.86158608e-15,  7.73791805e-16, -2.39987603e-15,\n",
       "         1.21115239e-15,  9.25185854e-16],\n",
       "       [-3.20489885e-32,  4.82131817e-16, -1.30897624e-15,\n",
       "         2.32448093e-15, -2.72727273e+00,  6.04195804e+00,\n",
       "        -3.23076923e+00,  1.03207486e-15, -5.01763133e-16,\n",
       "        -2.85139877e-15,  1.24575674e-15,  2.73893462e-15,\n",
       "        -5.66127232e-15,  2.32541259e-15, -5.09203069e-15,\n",
       "         4.41205514e-15, -1.94275390e-15,  2.48130964e-15,\n",
       "        -1.45338287e-15,  0.00000000e+00],\n",
       "       [ 1.07298989e-32, -1.83329135e-16,  5.38031158e-16,\n",
       "        -1.06809148e-15,  7.33316541e-16, -3.23076923e+00,\n",
       "         7.03589744e+00, -3.73333333e+00, -6.27703018e-15,\n",
       "         4.98176998e-15, -8.36937357e-16, -4.97379915e-15,\n",
       "         7.45272789e-15, -3.24412861e-15,  6.59984887e-15,\n",
       "        -4.17671595e-15,  1.80937886e-15, -1.03620816e-15,\n",
       "        -1.59815181e-15,  2.44704542e-15],\n",
       "       [-1.38429918e-32, -5.57288420e-17,  3.41839726e-31,\n",
       "        -3.58754421e-16,  2.22915368e-16, -2.25353505e-15,\n",
       "        -3.73333333e+00,  8.03137255e+00, -4.23529412e+00,\n",
       "        -5.62512999e-15, -1.16146409e-15,  6.73193695e-15,\n",
       "        -1.04987244e-14,  1.41152047e-14, -1.55590640e-14,\n",
       "         9.87472212e-15, -5.23342053e-15,  4.55476113e-16,\n",
       "         9.00020799e-15, -7.57912251e-15],\n",
       "       [ 1.02776685e-31,  1.60862036e-16, -2.62947558e-16,\n",
       "         1.73236039e-15, -1.69523838e-15,  4.04629890e-15,\n",
       "        -1.00229422e-14, -4.23529412e+00,  9.02786378e+00,\n",
       "        -4.73684211e+00, -5.28988618e-15,  1.02704223e-15,\n",
       "         1.47436243e-14, -1.90064682e-14,  1.37722651e-14,\n",
       "        -1.26957268e-14,  7.83274374e-15,  2.47480055e-15,\n",
       "        -8.46072438e-15,  4.24428294e-15],\n",
       "       [ 7.26931742e-17, -1.32865036e-16, -3.15815322e-16,\n",
       "        -4.50767243e-16,  1.88515313e-15, -5.55946266e-15,\n",
       "         8.16667814e-15, -8.22232842e-15, -4.73684211e+00,\n",
       "         1.00250627e+01, -5.23809524e+00, -7.33415000e-15,\n",
       "        -1.26014487e-14,  9.67647015e-15, -1.34729320e-15,\n",
       "         8.56457762e-15, -6.17018685e-15, -1.96274246e-15,\n",
       "         5.84327908e-16,  2.33731163e-15],\n",
       "       [-1.52971723e-16, -1.60557098e-16,  2.18205946e-15,\n",
       "        -3.75476048e-15,  1.95196976e-15,  2.91278389e-15,\n",
       "        -2.93301155e-15,  9.70927962e-16, -2.49811674e-15,\n",
       "        -5.23809524e+00,  1.10227743e+01, -5.73913043e+00,\n",
       "         1.79115981e-14, -8.85466074e-15, -3.80785810e-15,\n",
       "         1.17320462e-15,  1.03211665e-14, -4.00002093e-15,\n",
       "        -3.14034513e-15,  1.27687141e-15],\n",
       "       [ 6.63237581e-17,  1.32647516e-16, -1.78408013e-15,\n",
       "         3.59364712e-15, -3.00744936e-15,  2.88233205e-15,\n",
       "        -5.40553110e-15,  5.52601443e-15, -2.64136539e-16,\n",
       "        -1.31419513e-14, -5.73913043e+00,  1.20208696e+01,\n",
       "        -6.24000000e+00,  3.05025421e-14,  2.05558350e-15,\n",
       "        -1.58030408e-14, -8.37531456e-15, -8.27580293e-15,\n",
       "         1.59872116e-14, -6.95096155e-16],\n",
       "       [ 7.75100149e-18,  1.55020030e-17, -4.97133199e-16,\n",
       "        -4.78958437e-16,  8.86286929e-16, -5.09107160e-15,\n",
       "         9.28409613e-15, -6.87433649e-15,  7.40033549e-15,\n",
       "         3.80600901e-16, -4.40470705e-16, -6.24000000e+00,\n",
       "         1.30192593e+01, -6.74074074e+00, -6.75459688e-15,\n",
       "         2.69072007e-14, -1.50059389e-14,  2.83740110e-14,\n",
       "        -1.19932048e-14, -1.19996194e-14],\n",
       "       [ 4.96268274e-19,  9.92536548e-19,  7.44402411e-16,\n",
       "         4.39693691e-16, -2.01782680e-15,  5.05498864e-15,\n",
       "        -6.92393496e-15,  5.40932419e-15, -7.65444186e-15,\n",
       "         2.92599774e-15, -6.19739821e-15,  1.48106304e-14,\n",
       "        -6.74074074e+00,  1.40178799e+01, -7.24137931e+00,\n",
       "        -2.99184545e-14,  1.99695671e-14, -1.25584886e-14,\n",
       "         5.64157774e-15,  3.22375871e-15],\n",
       "       [ 5.41835764e-17,  1.08367153e-16, -2.18586736e-16,\n",
       "        -1.22816107e-15,  4.16055770e-15, -5.40909549e-15,\n",
       "         4.12165667e-15, -7.00218526e-16, -1.87836398e-15,\n",
       "         7.67276491e-15, -1.05588508e-15, -2.09361634e-14,\n",
       "         3.23508369e-14, -7.24137931e+00,  1.50166852e+01,\n",
       "        -7.74193548e+00, -1.72275987e-15, -1.56048700e-14,\n",
       "        -2.23458626e-14,  2.57876775e-14],\n",
       "       [-4.00461678e-17, -5.37638794e-16,  1.24848540e-15,\n",
       "        -5.45669733e-16, -1.64438898e-15,  2.08891230e-15,\n",
       "        -2.81299910e-16, -3.32090172e-15,  5.45235628e-15,\n",
       "        -5.29607855e-15,  6.22332641e-15,  1.64942460e-14,\n",
       "        -4.89114560e-14,  3.71836807e-14, -7.74193548e+00,\n",
       "         1.60156403e+01, -8.24242424e+00, -1.22831623e-15,\n",
       "         2.47543921e-14, -2.65880508e-14],\n",
       "       [-6.80191834e-17,  8.08468251e-16, -1.57526709e-15,\n",
       "         1.54912158e-15, -9.81273744e-16, -2.18151615e-16,\n",
       "         3.13255915e-15, -3.85319482e-15,  1.89554961e-15,\n",
       "        -1.24256545e-14,  6.50369609e-15, -5.50853254e-15,\n",
       "         2.15929247e-14, -1.15988027e-14, -1.70011191e-14,\n",
       "        -8.24242424e+00,  1.70147186e+01, -8.74285714e+00,\n",
       "        -2.91685867e-14,  1.45499774e-14],\n",
       "       [ 6.06657581e-17, -2.35718780e-16, -2.93201756e-17,\n",
       "         5.44738000e-16, -1.57480206e-15,  2.03543746e-15,\n",
       "        -8.00595111e-15,  9.45884298e-15, -3.93507620e-15,\n",
       "         1.27326721e-14, -1.07635908e-14,  9.55220459e-16,\n",
       "         7.15875236e-15, -2.53742973e-14,  2.51551675e-14,\n",
       "        -1.76846954e-14, -8.74285714e+00,  1.80138996e+01,\n",
       "        -9.24324324e+00, -2.15827356e-14],\n",
       "       [ 3.82288152e-31, -1.28641226e-16, -2.77748102e-17,\n",
       "        -4.84597347e-16,  1.51007258e-15,  1.71180541e-15,\n",
       "         3.12832073e-16, -4.64277881e-15,  5.35907655e-15,\n",
       "        -4.21884749e-15, -2.24537413e-15,  4.31240475e-15,\n",
       "        -1.04725653e-14,  2.59942987e-14, -2.72836347e-14,\n",
       "         2.35968941e-14, -7.55942625e-14, -9.24324324e+00,\n",
       "         1.90131670e+01, -9.74358974e+00],\n",
       "       [-2.28346155e-31, -7.11681426e-18,  5.69345141e-16,\n",
       "        -5.55111512e-16,  5.40877884e-16, -3.30220182e-15,\n",
       "         3.87154696e-15,  6.26279655e-16, -4.44089210e-15,\n",
       "         2.22044605e-15,  2.90366022e-15, -2.61898765e-15,\n",
       "         2.56205313e-15, -4.49782661e-15,  1.04759506e-14,\n",
       "        -2.23183295e-14,  5.33476397e-14, -6.03505849e-14,\n",
       "        -9.74358974e+00,  1.02564103e+01]])"
      ]
     },
     "execution_count": 37,
     "metadata": {},
     "output_type": "execute_result"
    }
   ],
   "source": [
    "C = np.linalg.inv(A)\n",
    "C"
   ]
  },
  {
   "cell_type": "code",
   "execution_count": 38,
   "id": "4f9e8278",
   "metadata": {},
   "outputs": [],
   "source": [
    "#Given\n",
    "d = np.array([1 ,2 ,3 ,4 ,5 ,6 ,7 ,8 ,9 ,10 ,10 ,9 ,8 ,7 ,6 ,5 ,4 ,3 ,2 ,1])"
   ]
  },
  {
   "cell_type": "code",
   "execution_count": 39,
   "id": "45fa3091",
   "metadata": {},
   "outputs": [
    {
     "data": {
      "text/plain": [
       "(20, 20)"
      ]
     },
     "execution_count": 39,
     "metadata": {},
     "output_type": "execute_result"
    }
   ],
   "source": [
    "C.shape"
   ]
  },
  {
   "cell_type": "code",
   "execution_count": 40,
   "id": "bca6f014",
   "metadata": {},
   "outputs": [
    {
     "data": {
      "text/plain": [
       "(20,)"
      ]
     },
     "execution_count": 40,
     "metadata": {},
     "output_type": "execute_result"
    }
   ],
   "source": [
    "d.shape"
   ]
  },
  {
   "cell_type": "code",
   "execution_count": 41,
   "id": "e5f8d40c",
   "metadata": {},
   "outputs": [],
   "source": [
    "RHS_2 = C @ d"
   ]
  },
  {
   "cell_type": "code",
   "execution_count": 42,
   "id": "c334d827",
   "metadata": {},
   "outputs": [
    {
     "data": {
      "text/plain": [
       "array([ 2.96059473e-16, -5.92118946e-15,  1.59872116e-14, -6.90805438e-14,\n",
       "        1.46908299e-13, -2.27622117e-13,  2.10621264e-13, -3.41060513e-14,\n",
       "       -2.48120301e+01,  2.00642393e+01,  3.58137507e+01, -3.00626280e+01,\n",
       "       -3.73699569e-04, -2.77204400e-04, -2.09968770e-04, -1.61954092e-04,\n",
       "       -1.26922826e-04, -1.00877938e-04,  9.50593309e+01, -1.00062903e+02])"
      ]
     },
     "execution_count": 42,
     "metadata": {},
     "output_type": "execute_result"
    }
   ],
   "source": [
    "np.linalg.solve(A , RHS_2)"
   ]
  }
 ],
 "metadata": {
  "kernelspec": {
   "display_name": "Python 3",
   "language": "python",
   "name": "python3"
  },
  "language_info": {
   "codemirror_mode": {
    "name": "ipython",
    "version": 3
   },
   "file_extension": ".py",
   "mimetype": "text/x-python",
   "name": "python",
   "nbconvert_exporter": "python",
   "pygments_lexer": "ipython3",
   "version": "3.8.8"
  },
  "toc": {
   "base_numbering": 1,
   "nav_menu": {},
   "number_sections": true,
   "sideBar": true,
   "skip_h1_title": false,
   "title_cell": "Table of Contents",
   "title_sidebar": "Contents",
   "toc_cell": false,
   "toc_position": {},
   "toc_section_display": true,
   "toc_window_display": false
  },
  "varInspector": {
   "cols": {
    "lenName": 16,
    "lenType": 16,
    "lenVar": 40
   },
   "kernels_config": {
    "python": {
     "delete_cmd_postfix": "",
     "delete_cmd_prefix": "del ",
     "library": "var_list.py",
     "varRefreshCmd": "print(var_dic_list())"
    },
    "r": {
     "delete_cmd_postfix": ") ",
     "delete_cmd_prefix": "rm(",
     "library": "var_list.r",
     "varRefreshCmd": "cat(var_dic_list()) "
    }
   },
   "types_to_exclude": [
    "module",
    "function",
    "builtin_function_or_method",
    "instance",
    "_Feature"
   ],
   "window_display": false
  }
 },
 "nbformat": 4,
 "nbformat_minor": 5
}
